   0.0000000000000000        0.0000000000000000       0.26768527785983232     
   0.0000000000000000       0.27052850523419869        0.0000000000000000     
   0.0000000000000000        0.0000000000000000      -0.27138513908978057     
   0.0000000000000000      -0.26432336231591186        0.0000000000000000     
  0.15939204486572681       0.15939204486572681       0.15939204486572681     
  0.15478779074308638       0.15478779074308638      -0.15478779074308638     
  0.27009965403173170        0.0000000000000000        0.0000000000000000     
  0.15286395070900527      -0.15286395070900527      -0.15286395070900527     
  0.15154884040634062      -0.15154884040634062       0.15154884040634062     
 -0.15364670496465715       0.15364670496465715       0.15364670496465715     
 -0.15388870898738299       0.15388870898738299      -0.15388870898738299     
 -0.26609882175786864        0.0000000000000000        0.0000000000000000     
 -0.15055479939815877      -0.15055479939815877      -0.15055479939815877     
 -0.15374636637366368      -0.15374636637366368       0.15374636637366368     
