        6792
        6254
        6598
        6534
        6981
        5905
        5865
        5133
        5868
        7073
        6021
        7016
        6853
        5848
        6773
        6636
        5974
        7010
        6845
        6453
        6370
        4230
        6486
        7027
        7005
        5812
        6771
        3929
        6721
        7014
        7071
        6826
        5484
        6477
        6992
        7069
        6656
        7049
        6838
        7080
        6610
        6550
        6602
        5846
        5208
        4164
        6019
        6886
        6963
        7091
        5260
        5601
        4308
        5866
        6880
        6745
        5915
        5824
        6135
        5055
        6007
        6815
        5157
        5690
        6512
        7092
        7056
        7008
        6729
        6392
        6449
        6420
        6962
        7001
        7083
        5169
        7044
        5685
        6704
        6816
        6004
        5861
        6862
        5010
        4098
        6901
        6465
        7121
        6993
        6494
        5503
        6914
        5496
        6929
        4240
        6563
        5939
        6794
        6917
        6515
        6757
        7093
        6686
        4804
        7058
        6637
        6247
        5349
        5202
        6250
        6639
        6915
        5187
        6628
        7023
        6373
        7018
        7102
        3886
        6139
        6925
        6368
        5832
        4078
        5434
        7100
        5000
        6528
        5932
        5635
        5459
        4279
        6967
        7053
        6856
        6351
        5770
        6611
        6732
        3349
        5439
        6356
        5576
        6937
        5840
        6441
        5351
        5941
        6733
        6378
        6954
        6755
        7041
        7061
        5658
        6596
        6125
        4417
        7000
        6544
        6770
        5718
        5382
        7075
        2466
        6767
        6846
        5325
        6551
        6187
        3580
        4832
        1740
        6391
        6813
        6876
        6827
        5722
        5621
        2381
        6267
        6517
        4596
        6329
        6885
        7051
        5243
        6902
        4932
        6241
        5681
        6956
        6589
        6081
        5622
        6210
        6371
        3921
        6163
        6571
        5495
        7063
        3860
        3309
        5933
        6854
        6511
        4959
        6497
        5011
        5977
        6968
        2554
        4767
        6521
        6700
        6047
        5180
        6458
        6137
        7067
        6980
        4509
        5075
        7013
        6383
        6978
        6219
        6911
        5921
        3295
        6526
        5335
        4927
        7045
        6024
        5816
        4416
        7079
        6352
        6942
        5757
        5729
        5980
        5993
        3008
        6169
        4015
        6919
        5591
        6566
        6404
        7032
        5418
        4248
        6388
        5332
        6973
        7086
        6462
        6775
        5359
        6748
        2334
        6022
        6447
        6698
        6784
        6336
        3658
        6357
        3864
        4422
        4982
        7007
        6110
        7002
        3553
        4750
        6953
        5670
        6471
        5515
        6104
        5838
        6983
        6680
        5023
        6823
        6498
        6248
        6002
        6831
        6806
        7113
        6000
        6425
        6756
        6879
        5950
        6849
        6412
        5617
        4505
        7108
        6766
        6899
        4752
        2389
        6719
        7089
        5913
        1489
        6996
        6364
        6208
        6562
        4443
        6832
        6641
        6762
        5582
        6588
        5433
        7026
        5634
        3129
        6103
        5820
        6938
        6939
        6739
        4744
         175
        6694
        6290
        6231
        4284
        5692
        4620
        4543
        6850
        5081
        7070
        6617
        6481
        4995
        6934
        6949
        2698
        6491
        6240
        5399
        6522
        6877
        3632
        7040
        5200
        5815
        5371
        6128
        5647
        6576
        4816
        6017
        6851
        5885
        6262
        6649
        5292
        6634
        6162
        6213
        6777
        6302
        7119
        6946
        2103
        7078
        6303
        4645
        6360
        5446
        6761
        6695
         872
        6857
        6016
        5453
        7039
        6198
        6907
        5015
        6504
        6463
        3246
        6965
        1336
        5887
        6419
        7019
        6720
        6354
        6608
         613
        6895
        6995
        5542
        6394
        4682
        4301
        7047
        6971
        5381
        6769
        6724
        5066
        6778
        4138
        4841
        6225
        6207
        5557
        6184
        5982
        6087
        5045
        1908
        4820
        3930
        6223
        6874
        7042
        4492
        6789
        7099
        6940
        4585
        6244
        3389
        5338
        6960
        4146
        3536
        6284
        4854
        6855
        7096
        6525
        6675
        6234
        5276
        7076
        6725
        1376
        6842
        6865
        6282
        5007
        6533
        5018
        4573
        5850
        6875
        3298
        6304
        6844
        6916
        6682
        6259
        6818
        5493
        6289
        6144
        6966
        6191
        4699
        6664
        5739
        6824
        6159
        6539
        6759
        6557
        5520
        5727
        6064
        4976
        6508
        6510
        6881
        6697
        6089
        7029
        6689
        5588
        6274
        5758
        7105
        7116
        6935
        6888
        6958
        6006
        5620
        6599
        7037
        2209
        7035
        6727
        6754
        6167
        3703
        5533
        6941
        4920
        6627
        6541
        5154
        6735
        6437
        5619
        6122
        6990
        5663
        1373
        5811
        5529
        6473
        6559
        4885
        6238
        6718
        7052
        6188
        6703
        6030
        3986
        5597
        5147
        5502
        7101
        5694
        5305
        7009
        4971
        5607
        4866
        6013
        6626
        7103
        3969
        6294
        6709
        5336
        5960
        6737
        6116
        7123
        5796
        5244
        5614
        6547
        5057
        5572
        4141
        7015
        6450
        6984
        5525
        7024
        5998
        6382
        6256
        6711
        6817
        6594
        5616
        6098
        6952
        5677
        5928
        4621
        5436
        5954
        6866
        6086
        6872
        4587
        6421
        7022
        7115
        6883
        5837
        6053
        6666
        6964
        6456
        6918
        6564
        6138
        7124
        5969
        6643
        6716
        6177
        5191
        4900
        6226
        6731
        6418
        6982
        7120
        4529
        4706
        6480
        4688
        4997
        5761
        7054
        6428
        5603
        6298
        6320
        6324
        6565
        7122
        5341
        6405
        6126
        6228
        6423
        7112
        6209
        5606
        6417
        4024
        5077
        3399
        6746
        4101
        2892
        6702
        7020
        6601
        6706
        6926
        6670
        6707
        5347
        7021
        6548
        5756
        7043
        5765
        5026
        6326
        6469
        6180
        6943
        6908
        6975
        6688
        3909
        6058
        7028
        6063
        6066
        6468
        3520
        6646
        3804
        6650
        3603
        5538
        6607
        6786
        5995
        6622
        6651
        6077
        6867
        6474
        6667
        6530
        5261
        6763
        6344
        6890
        6660
        3420
        6668
        7060
        6147
        6871
        3718
        5569
        4358
        6772
        6679
        5985
        6266
        6647
        6900
        5509
        7011
        6807
        6798
        5291
        6367
        3157
        5362
        5445
        6268
        7085
        6059
        6744
        5996
        6217
        4480
        6523
        7004
        6892
        7104
        7050
        3989
        6674
        6951
        6957
        6442
        6026
        4297
        6377
        2190
        6332
        1769
        3761
        3914
        5397
        7098
        6920
        4855
        6970
        6710
        5696
        6372
        7036
        5410
        2337
        7057
        6484
        6808
        5863
        6479
        6088
        7030
        6927
        5422
        6833
        6858
        6470
        6218
        6903
        6197
        5809
        6629
        5951
        5912
        4533
        6868
        4643
        5354
        7062
        5952
        3963
        6652
        6361
        6800
        6572
        4153
        6945
        7031
        5783
        6555
        5212
        5835
        6640
        5608
        7074
        3869
        6987
        6753
        6959
        6172
        6529
        6036
        6681
        6319
        5609
        5595
        5370
        5917
        6505
        3871
        4821
        6986
        2692
        6335
        5988
        6527
        6631
        4627
        4797
        5423
        6185
        6046
        7094
        6821
        3568
        5109
        6071
        6657
        7106
        5675
        2296
        4845
        7064
        6301
        6861
        6928
        6947
        6039
        6150
        6913
        4630
        6985
        7046
        6683
        5472
        6140
        6922
        7033
        6427
        6009
        6705
        6944
        6443
        6989
        5151
        5513
        4522
        6905
        5797
        6485
        7077
        5679
        6839
        4484
        5531
        2703
        6074
        6242
        7111
        6653
        7114
        6107
        6768
        5973
        6408
        6950
        4449
        6979
        5219
        3324
        5867
        6662
        7055
        6743
        6235
        4780
        6779
        3897
        6605
        6042
        7065
        3884
        6692
        6151
        6573
        6936
        7072
        5895
        3849
        6131
        7087
        6933
        6896
        5473
        5825
        5855
        6921
        7118
        6411
        5599
        5398
        6630
        6454
        7034
        4430
        4281
        6433
        6376
        6005
        5877
        4355
        6514
        6676
        6560
        6977
        5966
        5859
        5937
        5908
        6912
        5664
        5022
        6829
        5994
        5693
        6974
        5801
        6614
        6111
        7109
        6381
        6799
        4448
        5630
        6998
        6520
        4964
        5930
        7081
        5610
        4960
        6988
        7117
        6459
        5551
        7090
        6891
        5128
        7088
        3511
        5319
        6780
        6809
        6785
        2384
        6884
        7097
        5499
        5899
        7095
        7066
        6931
        4642
        5672
        6341
        5447
        6146
        6790
        5158
        6804
        5083
        7025
        6287
        6540
        6819
        6503
        6752
        5110
        6717
        6760
        6452
        6398
        6859
        5942
        6751
        6409
        6446
        6699
        6349
        6801
        6552
        6553
        3522
        4215
        6999
        6189
